-174.321 30.0483 474.261
-138.276 31.1842 485.536
-102.229 32.3519 496.816
-66.1891 33.369 508.068
-30.1455 34.4658 519.335
5.89041 35.3725 530.567
41.9322 36.425 541.825
-178.336 33.2848 494.559
-141.301 33.7338 501.125
-104.271 34.0202 507.661
-67.2423 34.2843 514.195
-30.2109 34.6188 520.74
6.81737 34.8701 527.271
43.8386 34.9355 533.769
-179.347 36.0984 511.75
-141.861 35.5708 512.958
-104.376 34.9866 514.156
-66.8928 34.3731 515.348
-29.409 33.7727 516.543
8.07296 33.1109 517.726
45.5566 32.504 518.919
-178.828 38.538 528.531
-141.742 36.8843 522.936
-104.657 35.237 517.342
-67.5712 33.5826 511.746
-30.4866 31.8952 506.144
6.596 30.1357 500.527
43.6789 28.387 494.913
-192.027 30.5576 476.005
-154.54 29.6916 475.515
-117.052 28.8577 475.031
-79.5639 28.0199 474.547
-42.0792 27.0711 474.041
-4.59558 26.0901 473.529
32.8905 25.1909 473.032
-191.505 31.9148 485.519
-154.078 30.9279 483.375
-116.655 29.776 481.202
-79.2311 28.6526 479.034
-41.8085 27.4908 476.86
-4.38678 26.294 474.68
33.0347 25.0891 472.498
-191.867 29.5924 470.563
-154.406 29.1771 472.566
-116.946 28.7522 474.567
-79.4853 28.3275 476.569
-42.0266 27.844 478.56
-4.57017 27.2934 480.539
32.889 26.8277 482.533
-186.224 24.242 434.875
-149.627 24.9661 443.842
-113.032 25.6634 452.804
-76.4381 26.3109 461.758
-39.8432 26.9916 470.717
-3.25364 27.5489 479.656
33.3362 28.1111 488.595
-194.324 21.8844 420.846
-156.86 21.5804 422.884
-119.397 21.2564 424.918
-81.9348 20.9042 426.947
-44.474 20.506 428.968
-7.01439 20.0698 430.981
30.4434 19.5751 432.983
-196.611 24.0144 431.771
-159.118 23.563 432.817
-121.627 23.066 433.855
-84.136 22.5438 434.887
-46.646 21.9954 435.913
-9.15841 21.3688 436.924
28.3293 20.7469 437.935
-221.129 27.8345 456.032
-184.402 25.957 448.291
-147.674 24.0614 440.548
-110.948 22.1397 432.8
-74.2214 20.1763 425.045
-37.4953 18.2101 417.29
-0.770277 16.1799 409.525
-174.321 30.0483 474.261
-138.276 31.1842 485.536
-102.229 32.3519 496.816
-66.1891 33.369 508.068
-30.1455 34.4658 519.335
5.89041 35.3725 530.567
41.9322 36.425 541.825
-178.336 33.2848 494.559
-141.301 33.7338 501.125
-104.271 34.0202 507.661
-67.2423 34.2843 514.195
-30.2109 34.6188 520.74
6.81737 34.8701 527.271
43.8386 34.9355 533.769
-179.347 36.0984 511.75
-141.861 35.5708 512.958
-104.376 34.9866 514.156
-66.8928 34.3731 515.348
-29.409 33.7727 516.543
8.07296 33.1109 517.726
45.5566 32.504 518.919
-178.828 38.538 528.531
-141.742 36.8843 522.936
-104.657 35.237 517.342
-67.5712 33.5826 511.746
-30.4866 31.8952 506.144
6.596 30.1357 500.527
43.6789 28.387 494.913
-192.027 30.5488 476.003
-154.54 29.6859 475.514
-117.052 28.8546 475.031
-79.5639 28.0194 474.547
-42.0792 27.074 474.041
-4.59544 26.0951 473.529
32.8907 25.199 473.034
-191.505 31.9212 485.52
-154.078 30.9322 483.376
-116.655 29.7784 481.203
-79.2311 28.6531 479.035
-41.8085 27.4895 476.86
-4.38688 26.2903 474.679
33.0346 25.0839 472.497
-191.867 29.6093 470.566
-154.406 29.1899 472.568
-116.946 28.7608 474.569
-79.4852 28.3314 476.569
-42.0267 27.8434 478.56
-4.57032 27.2888 480.538
32.8887 26.8187 482.532
-186.224 24.242 434.875
-149.627 24.9661 443.842
-113.032 25.6634 452.804
-76.4381 26.3109 461.758
-39.8432 26.9916 470.717
-3.25364 27.5489 479.656
33.3362 28.1111 488.595
-194.324 21.8844 420.846
-156.86 21.5804 422.884
-119.397 21.2564 424.918
-81.9348 20.9042 426.947
-44.474 20.506 428.968
-7.01439 20.0698 430.981
30.4434 19.5751 432.983
-196.611 24.0146 431.771
-159.118 23.5617 432.817
-121.627 23.0635 433.854
-84.1361 22.5397 434.886
-46.6462 21.9898 435.912
-9.15862 21.3618 436.922
28.3291 20.7383 437.933
-221.129 27.8352 456.032
-184.402 25.9573 448.291
-147.674 24.0614 440.548
-110.948 22.1393 432.8
-74.2215 20.1752 425.045
-37.4953 18.2086 417.29
-0.7703 16.1785 409.525
